btc_usd:
  buy: 719.5
  sell: 718.1
btc_rur:
  buy: 25848.17173
  sell: 25484.35171
usd_rur:
  buy: 35.26
  sell: 34.90011
