btc_usd:
  buy: 1048.5
  sell: 1048
btc_rur:
  buy: 34499.99
  sell: 34498.88
usd_rur:
  buy: 33.20699
  sell: 33.19999


